x0 = [0, 0, 0.05, 8, 0, 0.01, 0.02, 0, 0, 0, 0, 0]